<?xml version="1.0"?>
<opencv_storage>
<calibration_Time>"Mon Jan 16 10:06:11 2017"</calibration_Time>
<nrOfFrames>25</nrOfFrames>
<image_Width>640</image_Width>
<image_Height>480</image_Height>
<board_Width>9</board_Width>
<board_Height>6</board_Height>
<square_Size>25.</square_Size>
<FixAspectRatio>1.</FixAspectRatio>
<!-- flags:  +fix_aspectRatio +fix_principal_point -->
<flagValue>6</flagValue>
<Camera_Matrix type_id="opencv-matrix">
  <rows>3</rows>
  <cols>3</cols>
  <dt>d</dt>
  <data>
    8.5825839915881659e+02 0. 3.1950000000000000e+02 0.
    8.5825839915881659e+02 2.3950000000000000e+02 0. 0. 1.</data></Camera_Matrix>
<Distortion_Coefficients type_id="opencv-matrix">
  <rows>5</rows>
  <cols>1</cols>
  <dt>d</dt>
  <data>
    -1.8728959975877496e-01 -2.2039579047499022e-01
    2.1990660392595014e-02 9.7925000977830638e-03 2.4254256141237724e+00</data></Distortion_Coefficients>
<Avg_Reprojection_Error>1.6229008885925966e+00</Avg_Reprojection_Error>
<Per_View_Reprojection_Errors type_id="opencv-matrix">
  <rows>25</rows>
  <cols>1</cols>
  <dt>f</dt>
  <data>
    1.05997324e+00 8.81810188e-01 1.11970496e+00 1.44415295e+00
    1.51910710e+00 1.52938962e+00 1.52878273e+00 1.58966243e+00
    1.54165030e+00 1.79429865e+00 1.99355233e+00 1.70935464e+00
    1.10790205e+00 9.32500124e-01 6.39744937e-01 1.04298043e+00
    1.45377064e+00 1.77443445e+00 1.80606675e+00 1.68608308e+00
    1.16461515e+00 2.47402954e+00 3.58168983e+00 9.46931779e-01
    1.56148458e+00</data></Per_View_Reprojection_Errors>
<!-- a set of 6-tuples (rotation vector + translation vector) for each view -->
<Extrinsic_Parameters type_id="opencv-matrix">
  <rows>25</rows>
  <cols>6</cols>
  <dt>d</dt>
  <data>
    -5.6061284349463514e-01 -7.9908239411502199e-02
    1.7099517005889426e-02 -2.1598494440402044e+02
    3.0261828417734193e+01 6.3905111467348650e+02
    -4.3325975374931575e-01 -4.6160390458849586e-02
    -1.1034068326141282e-02 -1.8557058169343071e+02
    -4.3648812808706964e+01 6.3327463474508954e+02
    -4.1673563520281387e-01 -5.1988771479938391e-02
    -1.1359350929088442e-02 -1.1243794147817614e+02
    -4.0748016412932976e+01 5.4487701180111173e+02
    -4.3942051519336162e-01 -1.5844247497426120e-01
    3.0400793132498907e-03 -2.7959509020801413e+01
    -5.6971580111866018e+01 5.4324754670780919e+02
    -4.8961413758730393e-01 -1.5127669560503418e-01
    1.1114019826496350e-02 -4.3959856444041414e+01
    -9.4835783828502599e+01 5.8068358397989664e+02
    -4.7452410424095343e-01 -1.1537523229093825e-01
    6.6595190697244901e-03 -7.4660387586959502e+01
    -1.3087972459273828e+02 5.8605998075414323e+02
    -4.3971928475882199e-01 -8.1034113524233481e-02
    -1.4749028123286552e-02 -1.2284046669630526e+02
    -1.5507052703913544e+02 5.7343129067815846e+02
    -4.1567718437296514e-01 -8.5888658541546179e-03
    -1.6210639817244504e-02 -1.7983349456093487e+02
    -1.2326794337114981e+02 5.4082725207184330e+02
    -4.5003366959429775e-01 -4.4663617269791789e-02
    -1.7467676184446241e-02 -1.5900684260754036e+02
    -1.1373136974339434e+02 5.4824739550000550e+02
    -4.5042160088506278e-01 -2.1525734972777233e-01
    2.2025818341853730e-03 -2.6646302678119120e+01
    -1.1297289135381696e+02 5.5924396560281764e+02
    -5.0204912739271301e-01 -3.6572197741268003e-01
    5.3549913370890285e-03 1.4743845689704937e+01
    -1.0373364987924238e+02 5.9207540845186088e+02
    -5.9475810861088929e-01 -1.0331286306941602e-01
    3.4675078149994758e-02 -2.3434748013364064e+01
    -9.1700468581898505e+01 6.5635556907218051e+02
    -3.1289604980079350e-01 -2.9967269364135785e-02
    -3.9616611382497407e-03 -5.8579509674018368e+01
    -7.9342267313294755e+01 5.9891897316520624e+02
    -2.6811961275717006e-01 2.5265212476679202e-02
    -1.2929993079270525e-02 -9.9203164900429712e+01
    2.0037636697077237e+00 5.5506982878550798e+02
    -3.3673570240396689e-01 7.3918896312121757e-02
    -1.6876145210077721e-02 -1.7719299021869494e+02
    9.5972836326632418e+00 5.6489827654219869e+02
    -4.1314366398984453e-01 4.3899133664405968e-02
    -1.6529704583989877e-02 -1.4574354735717503e+02
    -3.5793657408278236e+01 5.8480022483939865e+02
    -4.5342574919280620e-01 4.0959839045426001e-02
    -2.6992979787159822e-03 -1.4092554509583505e+02
    -1.0228305554829986e+02 6.0337082353826156e+02
    -4.6093983039012038e-01 6.2385024153118182e-02
    -3.0990697524547941e-02 -1.3800500470414104e+02
    -1.4555977463867438e+02 6.1253511988699097e+02
    -4.5931413440012142e-01 -1.8478334409786468e-02
    -2.8818484236122158e-02 -6.6606120312551653e+01
    -1.5727146247773254e+02 6.0349163963994283e+02
    -5.3139324694586920e-01 2.0728854785120553e-02
    5.0213537071399847e-03 5.0167838790575745e+00
    -1.3406872334985394e+02 6.4019453781980144e+02
    1.4040711497495748e-01 1.6685722750670994e-02 2.8181639954653667e-02
    -2.4495750914273426e+01 -9.9247343026645595e+01
    5.3828045723991784e+02 5.0981180963730743e-01
    -3.9600740623896326e-02 4.6125159421076173e-02
    -5.2202886679719633e+01 -5.8920983402600896e+01
    4.5730730093884222e+02 7.5323704605048236e-01
    -4.7933446636204032e-02 3.8273318680494300e-02
    -8.3568117187047122e+01 -5.0726751743667089e+00
    4.2124565994823968e+02 1.8033314520631416e-01
    -1.2921991386141052e-01 4.0755086671051953e-02
    -7.1104925445716916e+01 -1.5862225714966121e+01
    5.1163687690586545e+02 -5.9384560924302787e-01
    -6.6612320827858826e-02 -4.4902531508222161e-02
    -7.6561445203226882e+01 -1.7496689035382285e+01
    6.4575163031825821e+02</data></Extrinsic_Parameters>
